-0.3
-0.4
-0.3
-0.3
-0.1
-0.1
-0.0
-0.0
-0.1
-0.0
0.1
0.7
1.3
2.1
2.8
3.2
4.3
5.2
6.0
6.8
7.0
7.0
6.9
7.1
6.9
6.8
6.7
6.8
6.8
6.7
6.7
6.6
6.7
6.5
4.1
0.5
0.0
-0.0
-0.0
-0.0
0.0
-0.1
-0.0
-0.1
-0.1
-0.2
-0.2
-0.2
-0.2
-0.2
-0.2
-0.2
-0.2
-0.1
-0.2
-0.2
-0.1
-0.0
0.0
-0.0
-0.0
0.3
0.8
1.5
3.9
6.4
6.4
6.4
6.3
6.3
6.4
6.4
5.8
1.2
0.2
0.1
-0.0
-0.1
-0.1
-0.1
-0.1
0.0
0.0
0.0
0.0
0.3
1.4
4.4
5.6
5.7
5.7
5.4
5.5
5.6
4.7
0.6
0.1
0.2
0.0
0.1
0.1
0.1
0.1
0.1
0.1
-0.0
0.0
-0.0
0.1
-0.0
-0.1
0.1
0.1
-0.1
-0.0
-0.2
2.4
3.6
3.3
3.3
3.4
3.8
1.8
-0.0
-0.0
-0.0
-0.1
-0.1
0.0
0.1
-0.0
0.0
0.0
0.1
0.0
0.0
-0.0
0.0
0.0
0.1
0.1
0.1
0.1
0.1
0.0
0.1
0.2
0.2
0.2
0.2
0.2
0.2
0.3
0.2
0.2
0.0
0.0
-0.0
-0.0
0.0
0.1
-0.0
0.0
-0.0
-0.1
-0.1
-0.2
-0.2
-0.2
-0.3
0.6
2.5
3.2
3.5
3.6
3.8
4.0
4.1
4.4
4.5
4.4
4.5
4.1
3.9
2.0
0.1
0.1
0.2
0.2
-0.1
0.0
-0.0
0.0
0.0
-0.0
0.2
0.2
0.1
0.1
0.3
0.2
0.2
0.3
0.4
0.4
0.3
0.3
0.2
0.2
0.2
0.2
0.1
0.3
0.2
0.2
0.2
0.2
0.3
0.2
0.3
0.2
0.2
0.2
0.3
0.2
0.2
0.3
0.3
0.2
0.2
0.2
0.2
0.3
0.2
0.3
0.3
0.3
0.3
0.2
0.2
0.1
0.1
0.1
0.1
0.2
0.1
0.1
0.1
0.1
0.1
0.1
0.1
0.0
0.0
-0.0
-0.0
-0.0
-0.0
-0.1
-0.1
-0.1
-0.1
-0.1
-0.2
-0.2
-0.2
-0.2
-0.1
-0.2
-0.2
-0.2
0.1
2.7
4.3
4.3
4.5
4.5
4.5
5.1
5.0
4.8
4.6
4.1
0.9
0.2
0.3
0.2
0.2
0.2
0.2
0.2
0.3
0.3
0.2
0.2
0.3
0.3
0.3
0.2
0.2
0.3
0.1
0.3
0.3
0.0
-0.1
-0.0
0.0
-0.1
-0.1
0.0
0.0
-0.0
-0.0
-0.1
-0.1
0.1
1.3
3.4
3.7
3.7
3.8
3.8
3.7
3.6
3.6
3.8
3.9
3.6
3.5
1.0
-0.4
-0.5
-0.4
-0.3
-0.4
-0.4
-0.4
-0.3
-0.3
-0.5
-0.5
-0.6
-0.6
-0.5
-0.0
0.0
0.1
0.4
3.2
3.5
3.5
3.4
3.4
3.2
3.3
3.3
3.3
3.1
3.2
1.0
0.5
0.5
0.4
0.6
0.5
0.5
0.5
0.5
0.6
0.6
0.5
0.6
0.6
0.6
0.5
0.5
0.6
0.6
0.6
0.5
0.5
0.5
0.4
0.4
0.4
0.5
0.4
0.4
0.5
0.4
0.4
0.4
0.4
0.5
0.5
0.6
0.5
0.4
0.6
0.6
0.5
0.6
0.4
0.5
0.4
0.5
0.6
0.6
0.6
0.6
0.6
0.6
0.5
0.5
0.5
0.6
0.5
0.6
0.5
0.5
0.5
0.6
0.7
0.6
0.6
0.6
0.7
0.6
0.8
0.7
0.8
0.7
0.7
0.8
0.7
0.7
0.7
0.7
0.8
0.1
0.0
-0.1
-0.0
0.0
0.1
-0.0
-0.0
-0.0
-0.1
-0.2
-0.1
-0.2
-0.2
-0.1
-0.2
-0.1
-0.1
-0.1
-0.2
-0.1
-0.1
-0.1
-0.1
-0.0
-0.0
-0.1
-0.1
-0.1
-0.0
0.0
0.0
-0.1
-0.0
-0.2
-0.1
-0.0
-0.1
-0.2
-0.1
-0.1
-0.1
-0.1
-0.1
-0.1
-0.1
-0.1
-0.1
-0.1
-0.1
-0.1
-0.1
-0.1
-0.1
-0.2
-0.1
-0.1
